  0        0 4.3
  1   100000 3.7
  2   200000 4.0
  3   300000 6.7
  4   400000 6.3
  5   500000 5.7
  6   600000 11.3
  7   700000 11.7
  8   800000 16.7
  9   900000 18.0
 10  1000000 34.7
 11  1100000 35.3
 12  1200000 29.7
 13  1300000 26.3
 14  1400000 29.3
 15  1500000 38.3
 16  1600000 32.3
 17  1700000 47.3
 18  1800000 42.0
 19  1900000 30.7
 20  2000000 44.0
 21  2100000 36.7
 22  2200000 54.0
 23  2300000 64.7
 24  2400000 62.0
 25  2500000 71.3
 26  2600000 51.3
 27  2700000 93.3
 28  2800000 72.0
 29  2900000 42.0
 30  3000000 79.3
 31  3100000 72.0
 32  3200000 83.3
 33  3300000 84.7
 34  3400000 76.3
 35  3500000 175.7
 36  3600000 89.3
 37  3700000 60.0
 38  3800000 74.7
 39  3900000 105.7
 40  4000000 182.7
 41  4100000 142.0
 42  4200000 179.3
 43  4300000 175.0
 44  4400000 137.7
 45  4500000 113.7
 46  4600000 130.0
 47  4700000 157.0
 48  4800000 68.7
 49  4900000 142.3
 50  5000000 91.0
 51  5100000 55.7
 52  5200000 62.3
 53  5300000 53.7
 54  5400000 59.0
 55  5500000 163.3
 56  5600000 72.3
 57  5700000 84.0
 58  5800000 38.7
 59  5900000 71.7
 60  6000000 70.7
 61  6100000 101.0
 62  6200000 65.7
 63  6300000 88.0
 64  6400000 68.3
 65  6500000 161.3
 66  6600000 168.3
 67  6700000 231.3
 68  6800000 98.7
 69  6900000 62.3
 70  7000000 139.0
 71  7100000 192.7
 72  7200000 100.0
 73  7300000 70.0
 74  7400000 49.0
 75  7500000 129.7
 76  7600000 20.0
 77  7700000 60.7
 78  7800000 141.3
 79  7900000 65.0
 80  8000000 153.0
 81  8100000 61.3
 82  8200000 125.3
 83  8300000 49.0
 84  8400000 117.3
 85  8500000 21.7
 86  8600000 122.0
 87  8700000 33.0
 88  8800000 54.0
 89  8900000 207.7
 90  9000000 61.3
 91  9100000 27.3
 92  9200000 78.0
 93  9300000 253.7
 94  9400000 87.7
 95  9500000 124.3
 96  9600000 115.7
 97  9700000 43.7
 98  9800000 64.7
 99  9900000 125.7
100 10000000 118.0
101 10100000 56.7
102 10200000 40.7
103 10300000 158.0
104 10400000 109.0
105 10500000 162.0
106 10600000 197.3
107 10700000 18.0
108 10800000 44.0
109 10900000 122.7
110 11000000 199.7
111 11100000 50.7
112 11200000 154.7
113 11300000 61.0
114 11400000 25.7
115 11500000 122.7
116 11600000 70.3
117 11700000 104.7
118 11800000 242.7
119 11900000 102.7
120 12000000 132.3
121 12100000 114.3
122 12200000 95.0
123 12300000 189.7
124 12400000 26.0
125 12500000 287.7
126 12600000 53.0
127 12700000 130.3
128 12800000 126.7
129 12900000 65.7
130 13000000 130.7
131 13100000 209.0
132 13200000 97.3
133 13300000 19.0
134 13400000 169.0
135 13500000 20.3
136 13600000 72.3
137 13700000 117.7
138 13800000 16.3
139 13900000 227.0
140 14000000 32.3
141 14100000 179.3
142 14200000 244.0
143 14300000 17.7
144 14400000 133.3
145 14500000 51.7
146 14600000 18.3
147 14700000 276.0
148 14800000 48.7
149 14900000 270.3
150 15000000 202.3
151 15100000 161.0
152 15200000 167.0
153 15300000 270.7
154 15400000 88.0
155 15500000 242.7
156 15600000 76.0
157 15700000 21.0
158 15800000 268.0
159 15900000 85.7
160 16000000 59.0
161 16100000 350.7
162 16200000 59.3
163 16300000 232.3
164 16400000 383.3
165 16500000 174.0
166 16600000 79.3
167 16700000 46.7
168 16800000 285.3
169 16900000 176.0
170 17000000 156.0
171 17100000 11.3
172 17200000 149.7
173 17300000 22.7
174 17400000 38.0
175 17500000 60.7
176 17600000 163.3
177 17700000 69.0
178 17800000 90.3
179 17900000 51.0
180 18000000 215.0
181 18100000 230.7
182 18200000 117.7
183 18300000 250.0
184 18400000 248.0
185 18500000 210.7
186 18600000 55.0
187 18700000 46.3
188 18800000 371.0
189 18900000 159.7
190 19000000 142.7
191 19100000 207.3
192 19200000 43.7
193 19300000 266.7
194 19400000 104.0
195 19500000 55.7
196 19600000 75.3
197 19700000 242.7
198 19800000 37.0
199 19900000 94.3
200 20000000 162.0
201 20100000 350.0
202 20200000 134.7
203 20300000 119.7
204 20400000 241.7
205 20500000 136.0
206 20600000 242.0
207 20700000 157.0
208 20800000 134.7
209 20900000 181.7
210 21000000 252.3
211 21100000 186.0
