0.0
0.0
7.0
0.0
5.0
4.0
0.0
0.0
5.0
5.0
9.0
3.0
6.0
0.0
9.0
2.0
9.0
9.0
9.0
6.0
4.0
3.0
13.0
9.0
9.0
9.0
9.0
10.0
12.0
9.0
7.0
9.0
10.0
13.0
9.0
9.0
9.0
16.0
9.0
15.0
18.0
10.0
11.0
9.0
10.0
16.0
9.0
15.0
16.0
10.0
12.0
9.0
11.0
13.0
14.0
17.0
15.0
21.0
13.0
17.0
19.0
15.0
12.0
14.0
21.0
17.0
22.0
17.0
11.0
18.0
19.0
14.0
14.0
15.0
24.0
16.0
15.0
15.0
21.0
12.0
28.0
31.0
22.0
25.0
16.0
28.0
30.0
18.0
18.0
23.0
26.0
31.0
17.0
26.0
25.0
23.0
29.0
31.0
22.0
26.0
31.0
24.0
34.0
26.0
26.0
25.0
26.0
21.0
24.0
30.0
27.0
25.0
24.0
27.0
39.0
37.0
34.0
28.0
26.0
29.0
25.0
28.0
29.0
27.0
34.0
40.0
21.0
31.0
48.0
15.0
32.0
27.0
36.0
41.0
54.0
25.0
38.0
37.0
31.0
37.0
41.0
25.0
42.0
25.0
28.0
47.0
41.0
33.0
47.0
32.0
35.0
31.0
34.0
34.0
31.0
56.0
42.0
51.0
44.0
32.0
34.0
46.0
29.0
30.0
20.0
57.0
44.0
42.0
38.0
54.0
36.0
41.0
43.0
48.0
37.0
70.0
27.0
33.0
64.0
54.0
47.0
50.0
33.0
42.0
50.0
47.0
37.0
56.0
36.0
114.0
78.0
42.0
46.0
51.0
39.0
51.0
58.0
55.0
40.0
50.0
61.0
85.0
68.0
40.0
32.0
67.0
63.0
42.0
77.0
71.0
35.0
87.0
56.0
86.0
59.0
37.0
79.0
66.0
65.0
105.0
75.0
51.0
61.0
67.0
66.0
41.0
59.0
72.0
75.0
76.0
40.0
51.0
52.0
70.0
63.0
66.0
76.0
70.0
63.0
77.0
101.0
126.0
66.0
64.0
69.0
60.0
75.0
51.0
60.0
53.0
41.0
82.0
70.0
79.0
41.0
59.0
69.0
78.0
90.0
68.0
53.0
95.0
28.0
38.0
35.0
74.0
77.0
68.0
40.0
84.0
84.0
91.0
83.0
63.0
80.0
68.0
48.0
120.0
98.0
73.0
81.0
98.0
76.0
363.0
61.0
77.0
80.0
66.0
36.0
78.0
88.0
90.0
91.0
75.0
60.0
69.0
65.0
105.0
80.0
35.0
69.0
115.0
85.0
81.0
82.0
82.0
33.0
86.0
38.0
58.0
147.0
106.0
75.0
62.0
252.0
108.0
56.0
270.0
312.0
59.0
79.0
62.0
63.0
81.0
174.0
68.0
76.0
118.0
76.0
142.0
287.0
138.0
184.0
105.0
344.0
94.0
132.0
116.0
210.0
45.0
117.0
246.0
275.0
212.0
323.0
49.0
229.0
109.0
287.0
191.0
100.0
104.0
117.0
265.0
227.0
166.0
79.0
225.0
177.0
221.0
148.0
239.0
395.0
154.0
94.0
113.0
240.0
103.0
386.0
188.0
159.0
104.0
178.0
60.0
111.0
255.0
103.0
287.0
116.0
188.0
287.0
58.0
116.0
288.0
91.0
257.0
228.0
167.0
224.0
293.0
123.0
279.0
158.0
212.0
172.0
104.0
277.0
148.0
179.0
161.0
54.0
111.0
103.0
112.0
108.0
301.0
70.0
302.0
312.0
150.0
142.0
321.0
94.0
267.0
224.0
208.0
347.0
153.0
399.0
60.0
228.0
128.0
78.0
21.0
123.0
160.0
135.0
257.0
224.0
285.0
311.0
213.0
111.0
256.0
334.0
280.0
142.0
89.0
102.0
133.0
377.0
361.0
261.0
254.0
212.0
820.6666666666666
245.33333333333334
271.3333333333333
97.33333333333333
316.0
218.66666666666666
233.0
52.666666666666664
185.33333333333334
261.6666666666667
189.0
139.66666666666666
247.0
138.0
198.66666666666666
151.66666666666666
143.33333333333334
130.66666666666666
181.33333333333334
192.0
192.0
264.3333333333333
288.0
269.3333333333333
310.6666666666667
124.66666666666667
98.0
260.6666666666667
123.33333333333333
137.66666666666666
231.0
152.66666666666666
89.66666666666667
229.0
78.0
190.0
178.0
360.6666666666667
40.0
243.0
237.0
280.3333333333333
301.3333333333333
126.33333333333333
243.33333333333334
245.0
235.66666666666666
264.0
194.66666666666666
128.66666666666666
219.33333333333334
215.33333333333334
346.6666666666667
214.33333333333334
175.33333333333334
